2548829063
2211194009254032542397299
203369319521981
9767228991
929349785821014937069626492319
93249943979722520037
2004921005938839337896266961862534392686
2547521061
289952548896283257257145896266961862534392686
948419417796539
208602003721403254888963420417
289392891421366
9487621076
2503029592
289732172729961
2965228934290632534392686
2100596701209182565225020
2211194009254039400192671
207789666420911210062259528737
976322049220918972852041993702
948892946992947559111529202
29438218472045793055
2965525485972852548529655
9627828914925602534392686
97858966642992928927972852534392686
28995948222507997593
05000600101946012050012000006
296932502793219320
289952548829938259137277
29035712419631922112
92669962642114092654
294459670129423206129635596186
207789666421005203409722594834
972089720825653
20408203362962328582
25617259159319292931
25418926929688028909933009319592546
929349331497110947222006692931
2962993392204009243397577
948772576167000007007000
962369767828995254882091197278
20001922099330893858286059338020736
9619693308972792952294325
20334204172211994160
94755210769371946009007
926332502729925
96880289092250196101
9312220037225632091121006
967142534620073
96701938832962328507
9785828696256539623622112289952804920417
944112847693144
972292849692677933082090892931
218389618620918254622211994160
2542329502313139
210052171721005289792100525731
289952171096882
9293493314284239767694939327292091128502
97858284572851325400289449752092624
93713204989352497153
2955994790930179728529445967012183221070
295279688394262721
96856941399408528737
28995254882847425071
208602003720911210062041793835217542892792546
00701900001446002013006000943492434096312
97642218779753228504209289637425760
9330897279289999483428760
207462108729673933019414628909
97307943649730793752209089319325921
29604943832548593196
6946440160506701001042
2899521839207562033497881
97152976312077192931
97276290459625992440
208602003725793225372091820617972852904193883
21710947559417496887
9715328941299942950521893
948312890993193961642996125904
25652254052008242
2943894261961869728528995940102502725413
25487214109685620068207382858893055
93186976769256894149
2503027679972852534392686
25653284622903529500
9370028483221119400925403
2577522595937022534392686
3500043012001374600192
9663696701250272108497804
21702286939670129449972852534392686
9688028909202928
295599670121005206179300121005
207542171796164
97592976762899993827972859337322520
208602003793333210919720692591
296522859722118
2211194009254032891422568
9685694139294702579397112
299212628826288972852033625778
2577025770972259416725770257709722522501
9785828048
94791213662257192287
9256897645250662550272005005
21346218392134621717225952873725845
208602003721403254882041793835
9635520837209069220993856
948419329621135
2049293192938832253693883971032256196123
93300926619267793308
20746210872041793835947829337994836
9682829520287429293493314925459628020455
92433925899478621877
93148944172077197158
203302145229928
289322548596236
225632911994877
965329670129516
294692992729620217749685696166
933089385828760209189381825766
962672251525497926229632493141
2944596701972762899296236976782565325967
29470926882077896664
94826948262572528760
9266196396290422597120792
210002090821403208799330028772
97219289142546720982
20749275359482497815
253432899920066
20860200378963489634
25043204572175393701933919785894787217172007321901
9623697678962832007325766
947289334521981
20928961752944296880289099330028772
21005209502597925979
210052211792935968569739896141933769487792624
25842935442124225653
93828257972804520617
256532007120457930559258920860
211342958924347
25343926869225428452
2955992931259712597197632
2957593864284969243220749948892006296300
2946693308938582576696297
97631204512851792432
208602003792568941492086029973
200002952020000287318411029109
28995207382904525653
9375920903938832534392686
2547528696
963772543493785
2107028999255062858925971280372541796280
250842806120419938889301294848
20908922159711094722225632005128502
285882215028496286282502794139
93895963802176792941492876021014937062944528999
92433207829632528996210059417494723
9628396540978589388325913
2100525793250949752092688
9613693162256532899525488
254729725394009925212099394343
253439268693345204179433825918
2955596296943242892725653
2865229994209172890978094
94372203639626492319296919670193348
2009897858286589330296266
21070206179630825617
284962107425095225532942393883
29606207460150094600144016
296529632193719
947979637394861972852993829469961012851720455
20860200372091121006
94346257669739025653
2253693883286952911392687
2186228496940112549793392296739330194700
929349331420073219012211994160
93122200379324321753
208792560125653
256529338228990
25343926869401096015
93249943972077896664
20991976239437220363
9482828047213660134600900905001346001018
92568976452576396236
2211194009254039643696436
929349331425971943642849429923
20771937022133194338
96389209189322522112
6564392045821374
28909256852049227
2565228455299413268769258196133207922849629445
930509763093233289952548820736
250692806121070219394942534392686
94755214032626
760190100090090502183597390
2952796883
840912992521939494
9767294396
284952548525970
208602003729673933012175428927
256092100529119948772994128502
9258194364289272597128037
203379475125778
9439896701213662804520617
28731296839739022520
2540794409203379252422119255152962093782294749626722515
9258120779207669719721360
93249943972091828971
9484121761
9720897208976322049293144
280792891494849
295892906325981
20618976392891422150
207212543820368976762546293391221892944528999
225802997028975
25438210069262292586
21005217172033429442
948412891421005929626596265
29921207299610720363
96356218382077192931
2893993303926872534392686
2874594835207929785892944225159264894700
29962922099720396887
9322625438289952101425928
294459670121005217172899120770
9437397225289959484022596961669628096230
9719022634206179437220363
963552944528515
947552478405541
9252422213422549720348299412040025842766994700
9754921013211402095525409925702576222520
20334207799711025462
212422943893351
2060210069318420457930552137497253
2869594166050010006001018019000001018
200742592829574
2842892205949182861897285280339380396164
29063295222806422520
9339292581976632191828909
96133207922090892931
28923965769715297631
971032572494093
96701961912073620045
7827393162936568429520342
9293493314978152545321366
96372943822573296266961862534392686
9656421717294709268820455
2140393176978582252520836
933869727892540
9426396358967019739025722930509375993146
221512509629449
21366925899711228512
94841210509385629620
93195254177601300000601131013006002
93249210878212487116
2086021070284482041725966
21005257669623622112
2891428914289149437220363214152946920082
2543696709978589221529037
971032951321020
289052876893140
25653943422124292686
2534392686257259715893146
94085972039639421400
9423196280003
9472693827961849472894861
96150961502565396266961862534392686
204529432525419210052577321371
2962994840204002803621006
2049821717968279613194086
2997996806
286959489093308972792102329522
225802997029471924322993829469
9682594269948312890993193217542892792546
28496942602078222520262626
943542211021366
9664096230
922159718694086
2549721004976312040097152976319618197390
9416725773
2540797152219012962093782294749378520982
29445967019426325793
971539638078976
20342207789722928496225639293996880
254079370129423210882952029673933012041793835
92524222138963425488
9726697129289142891493856
291192997625845
2666701026667
3131399330028772
6600942760000130120012176721767
28995948229752021014
20400961969262221076
948419666421767
299999670192963
25343926869688028909217542892792546
9417997222948777855229598
2074927535929399470225845
25421973982542193818257662944596701
7573920417978589256894149
2074328693206179300120877
9491520342225639688096880968809688096880
209282592892284952969325848
9785821767941672597128037
284959414496194
2105125462938182944597225
9487793889
28927976762861822117976762546292962931872576697318
75739204179256894149
29445967019330821144971619253720736225719228793810
94824962469250397671
210209639392270
25928295749319292931
36313896266961862534392686
2576897666256532091197278
29445967012211994160
93543942472804520617
208602003797276290452045294325
221192899520007200689319574667772
9637729517
21717289712108429522
609727825653
929449785596194
9710328589976789482420363
96700294269785820860
76613120458933322944596701
92570948399711020918
275989470320792
9324994397972252003797814
2576696297218622890620417
68322293922939
9319597398932432090892931294452548525653
2218097183209182869520990
28995254889380593884938059728524303
94915203422999994824203639624894885
294379424428045206172869596803
2899622534229392911994877229399258120066
96856203692944596701
96377926229618825497
929382176720792
28995287689484321716254032086097158
92553933487268693263
9305521091972069259196230
2892396576299412074927535
96880289092577321371
208602003720334207799327497278
971529763121014259282541922520
926349682896880289092175428927
296069722596164299616467
29629968219333397319295592843725027
28914209562078020780
93543284879388396266961862534392686
942639635896701
9229797196972859439894144
299722259925403866872034025766
87749221122259326238
947289388528920
963849294167254972865820746
221192042396398
28457961949437220363
972782133125766422077896664
9337528980225342952294325
93249943972073693146972859638921878
219394219434328610299872969820860971532255822526
28995948222148497112
96714972819685093300926612952294325
96136931622045821374
2955989798
25971295949752021014
932299757794166
257689766625653
9472824227
9618620054200549635025504972852541892692
256522896229961
284952000020906
254752966243009006001000
93195280332842621070
92634968282950521893
9330092661978582727727630
932929416693233295749635592447
259919433125030
9293497814
256522540597678932761
2256392581606861976762584725773
3872312944596701
9716192537209182198121981
961819484020785
268822006294829
25472299792070320918
208602003720911210069725996312
9416693292
296352546625343926869626492319
961812861894861
25778259749268694010
255162891421981299412033729977
963192211225652971529437220363
28995948229414993807
289099730794700931469312029931
9688028909978589256894149
92538209992049229923289392892321453
944169715293139
96532932969616394262725
250289405594840
932499439720746210872041793835
20860200379472228927225632005128502
22115289929432429555
20337219012183121831
931612952996166
2849292531962592091892278
2195128597286939229521975279435422180
256529334592922405628487
9257094839975772597125472932388217597261
926659715221366
23807200399439726114
96194963932842397676
9488525343253439268620997
9638789634963872967393301
9244793801213629670096176
937599257325652922232191025762
96186961862087925403217542892792546
92634968282124292686
213462507494755
9267793308294459670125653
935439470760012013013010007007010
9725328927259712803737296529715294885
20617930012891492568941492541892692
749293221831923119276647664
294452170220736931469433825918
972082033425497933922177894700
976289262829423
01564000390047446352829
254747071496325963562534329522
2962293226256522540528490
208602003793308972792942920349
963582061720419937029319129993
93195200382994128953
96701210709401493700
208602003721403208792091121006
96236254382036397858971619253720736948342855696701
20455218492073393857203632942394396
971039296397801
96880289092950521893
93808942494229049299412077896664
289929666496237
25845256142003820617
286182899925653
25468944099488693226
943452876820400931919268692931
200732190192931
94790284479220993856
9710396237254799437220363
2001500946001016
9333228926225292187822568
221199426192687
976789618625928295742090892931
973972874925653210052250696175285542073620045
9250392963939341
963229785892963
93856296209728593883
259717575429468707073146005010009
25659966342952901646
967149388593226003
25418926929319292931
21717947222113220334207792952294325
207789666497276204582584521400961752942328496
2565225346004
25497210049258193275200212132593193
9788128982933249486793780
978589426922537978589426986138
256522859729597
2860096163
200389482493189939394
297432899620457939493
92503926952534392686929399688096880204172251320045
948312890993193
2033420779291199487792546
9324520489284622891428996
286959375478976
25468947272006296361
254859314425653
25066961849623622112225779618425653
296302899925904
972082033425497933929230994700
9485220457256539623622112
2541896264289999483428760
92433932269764797292
9484125485972852541892692
2315625509209882504825048
962672251525497972859763120400221119400925403
299772252029924
876999335127975
2963096350972559229722553
2849697158961642894892
254752140394352
2597121133
210602895194055
250309221529995
289399757794755222193
7639257962259322113
948412911396356
22563938862851792432
28991289919432429555
29693286072899929522
28914257222942321838
259072891493296
286102861092262521901972852803325971
9484197560429293493314
961579262728429289392873394876
259879296325653259652921293243
97208203342549793392296739330194700003
2598792963933249319725042
295899666420073
2256329673933012041793835
947282947520906
949393949682120419937022942322563
97110259092869797158
967009414225653
9610794372295202061793001
9426328556
2595594170
937522597192524222139470021016
29508210052171720617
289142100521717250809472221132
299772997728973
219819268729113289272899229500941792077197158
925682897025653
2950528493
2125016975602950725462
93161924479225725289999767694269
94915203422962328507
203349788192931
962782107696166
2548121716294459670128927
93314930509493939785828036
203489722528992280299380720426929484196806
9711092813971102895194005
217179472221132978589221529037
948782906629941289992944597285284969337393193
294459670196237978582911328927
6001001001697222
2077896664948242969021371
968999632592271
2848022180924322942396325207569330293705
294932086220451924322211994160
931952091896880289092895093146
6900037012001000933839263996182
280792124293146
2198194790
93308972799293928909217542892792546
2999996320
269630894841284369785897222
9785820363296522891428628
933002877296389207562950521893
2899622534254189269294005
3937389484121079
789859426925481279472891425426
9263496828429330028772
9715297631287479382992542
97631204519626492319
92570948402033421331
606861257739330028772
2899596237204032136096266961862534392686
21702286932105722113
9472728609
2534392686289142108720492
94710972789339229941219182074892282
284622005194247
29438286072087929522
21831923110020002140325488
87276210829728528914289142041993702
296529412628465
22119942619268793308972799764322520
948522045725653
963772259692311
29445967016367312876029923
2965294710
9388494872922059666496164
726038294469371429620
2540797152219019378220045
9618196181961819902724838
209992891496634
9666425617947829478221409
93759284659475296153214042045892553225999628028441
93856296202314120070
28995948229323329574
2944520792978582876029445978582007321901
2849520073
961862577896882
966642803897631204519293125485931962211994160
207822849528995
2086020037933159293992546
92934933142899520419937029256893006
29572203422994125761
208602003720334207792047294344
931222003725773254859330028772
931222003725770217539780420918
931619329228559
2680721050299412171720918218642256397858
21000209089483128909931939330028772
94279427931619375928658
9293497858289952101425928
289712087925403
2961196564289149440393192
255162891421981299419338629977
2100520340207789666429603
2591696194
203422952622188
21717947222113220334207799330028772
21415976782965293226
2036997858254852876093195254852597128037
2034294372
254757172694885
7301000101200221360933839327525904
727694014214872802892968
92433963969401497238
2074196882429482420778966647057120066
9763528454289142075621717
926862891494010
28695967012906337
299292187420363
2183820792972899300542944427
96196924369250396163
7676393793274972789619825913
9491520342972859313028607
20860200379324921087
9262728914203419785820363
21375967089488925971972859657229961
294469354423156255099323322180
2148497112209189785896882
96269972012892725417289999483428760
289142033625778299412124329971
25650241623801005105030
2086020037296739330194700
961692899597158
00400621942627
9639594876
20038961649433897253
943372950120860
971537009724162
296529767997679
29113976319727629045
296522891492687
218389616497527
21838976319767827671
20766213602171725652
214562184593005289962090820908295599470292939
929392890901801201525773
942342077825343289282891425094
256522876022523
94728937859267017006001018
207462211292524963082626
203349401425653
29635289502540029994966362946921767
9689294755963132584894231255079338397261
253439330028772
971032804596101
256522007394876
286959639893334972852534392686
254382100625088
29445207922077192931
2507925413254532998896266961862534392686
289449414471146
29522943259330897279939394
9416629513933489440393192
2087221901299419441094840925899257097281
926779330825653
9618123879
93759207229268694010
221199329296259
96186938832133125094
96880289099757128437210069401029602
9257225497289099615094700
971032951397678
976789618696856973989614125653
2890920428
2534392686925039269592939968802599189095
23719285559710292931
2171720756948202952294325
2253693883926349334520492
29606207462597170005
2891496325210062547594843963259739720419
291149730794700931469613194086
225639688028909
254759222272009010002
96233932439625294367
314600546050462074325027
29941210059670197239225039715292433
94700926222145397285975392114025766
9613693162256539267793308
948282899925969
2944520073929319263394755
2036896858925259711094722225632005128502
29445967012148028490938832993829469
9757128490938832993829469
27214209079370093700
962672958922939253432891425094
21133213402100520340
4346430502903993700
9757128490925492993829469
286022003196700299932999322180
259862508425485
9623622112963002961496246
9318694263256532899225774256529626328976
940009739796298
2073829045203632095220986
287682849294403259132534392686
948779319196194
207782136029696940029626696186962972546225653
94877930012597193757
92433207822565296563933099256893006
21076289962959494877204579305592931
948419623797662
9635592271
2793290662858296230
250699639392271
942492892028698
947282859720031
962809258997858287609483993757213669482420363
2540797152219012091820064254679626722515
9317628556200492579328737
9623622112208609625294367
948859657697255948312890993193
96136931629263421070
21838976312211994160
9293192257732183992
256522427496231948342259028764
2950829555943242892725653
007460002828209429
28995948229267793308
2090892215947222892721000209082503292931
948412876094791
289147171628428
285049685829445943249388493884
948412843996196
2944596701289952548825653
932499439729673933012962328507
25650209527600600701030
2099724263
29502967012950221070256522086093719
2891494822962649336025766
9267793308256532061793001
208602003794722289279616420779
704969229628061
250272962001946004016055002
25030219819727621482
9293828760933459401493827
21849259789316127220
28995948222077896664
2541892692254192100592581200662952294325
294459670128995254882211994160
93370250942191828483280619312929629972389723897390
2091197278933922040021
296522892620617
225632074621403972852045821374
976432891428482
96186296309221592215933769487792624
294209653792963971532845693759
976342389629202
9635596806
948312890993193933002877293818
289599738897285217179323322180
2033420779971102091893243
25725971582077896664
948242136125778971032076793195
97208203342549793392948669221194700
931222003720918254622993829469
28995948222592829574
29445967019628096267256534401901200146005009
2549125981050007
9613693162256532133194338
96184289272597128037
9757721846
2193942193249943979638921878
97193932309753196312
931612657322520
9472820367933459681196898
9688028909221199269525793
925032942542269329459725485
2534392686289149764322520
253432597128037
965769262725028294452548525653
9632921981
253432891425094
9330893858962649231992931
9472694726
21838976312210696664
94229378529435
963019331525074
97208203342549793392296739330194700
28992280292033492931
978159639492687213602178129606943679623194834
20860200379711094722203342077992546
207702540321005933832993829469
2845796883
2076596267206179300125653
92931294689626492319
2899925510253432891425094
218389618622119218922548593196
37746764254139434297158
2899594822968569739896141
96356218389330025096
295289378929513
29559200039319137
94932565596821948312890993193
250832849292560
93183207782061793001
255162891421981299419739729977
971039689294876
3101200244010002423505046001
380000014600746427601300643
37012001012014012016000
25955924442186292642975279318429468
2997221346299729630025601
20091200919729592254972257894700
2171794722211329330028772
256529739896807
210002090893308938582899525488
9718793006295552597128037
0180094644010420014201301246001018
2944596701286109318928995254882944528999
256522920393719
933339731965000013011926222251094700
20911210062577825974
207789666497158204519319292931
29438942619618697285286952033625778
9785894394972552959721070
208602003729673933012506694337
208602003797110947222087925488
971532844129445
94824933079401493827
962369688921006
20771257612565396266961862534392686
25652225252098039010440196601000200246018010009
208602911994877
22111200312560692931
28995948222899525488204582137496717976769268892931
21892978812171725768250232534392686
2893971142
28036210062077192931
94714204582565296806932759627520417
050460160024626
926349682892939968802251320045
925689414494269
9484194177299952091825485
963912040465010012001055
25479978582074328693
2509097856250902079494710
937522090822563289952548896266961862534392686
21135967002899525488
650000020079319520768
21849966349256894149
2899520334978812952294325
28971968052952621082
94877930019293493314
218282078828517924329610728494
2007397255948779332093146
92223949182891420617
20837211329220429466
25778259742899525488
965399721297858287609613824875
976312045120334207799780420918
259789682294262221
253439268628996225349780420918
21005209182846222566
9626793831259282957429037285959305596292
25497204002944220792
296529721197211
941669670121366
961812846593754
963899441096882929627021070289952045893238
200912189320612
29622932262942320612
9764720458213749330028772
21403254887573920417
9681892547
295892963094262227
26045266358760594722
2086020037933089727996236968892506694337
29687207712911328927
2148028490938832077197253
92540933732534329119
9389222507299412124329971
926869426320736
016460010102869396237
217272873220363259162891496187
92677933082993829469
9258596803967142107628434
92581931332045225653
93133972892597093383
294459670193308938589293120736
9739792201256182543894840
2996229037207719293994702
96361218382545320458211359670094827
97643948282509420417
29063967017694261961869752021014
96701938819324321753
926772899525653
926332951393292
926332548528468
207712849093896294722993829469
932499439793130286072944596701
972789478294782933572175325653
28995948222592829574204582137496717976769268892931
20860200372061793001
961949491821415294459670128423976762904529119
93308972792892728996
2829256532252428468
61776893055210919720692591
225752951393195055
294969682894798
9483128909931939330028772
963252541892692
284682042694010
29113258482198192687976782100697261
7676723797152209182994128502
25043204572251221753
221519618620068972852534392686
28996225342108729522
96325289962994120051
2076697197213602944596701
296529610192677
20911210062033420779
254972100494143256802107022180
20771971589426325793
677463382993829469
93300926619491520342
295592548593196217179472221132
20860200379483492677
2084128504
28604931619722594834
93300926619727629045
213449296428496
28425208362098028991
210142592820918286952006894755
222806196266961862534392686
9472828436
21838976312045893332
250799759328995948229487793320
34340103900220918209182904520458
2598792963975462859593144
29611209189332093883
96664944102148497112
9324994397972252003796266961862534392686
2965221074
20342207789722928496225632256396880
942612899525488
943872507425074
97679972852860620756
937182252020877933769487792624
96701210702950828610
92934933149630825617
97858221159727821331256539220778966642100520340
96236976789625920771
20419937022590825502
931619375492687
926349682820911210062506694337
286959670825026209189314625506
94348280239370093700
962362211220451284952252029598972762252029559285099628025023
289959331492931
2622396221
2003620400207339385793146
350004301200137460019260646761
296522891424170
2895897153943242892725653
259789331492687
942725515284652803793782294742098221849
254979720820334291149720794700
9619792205003003
9322621838976312045192931965329258193195
94000932922855294755
28909947029625992432
21410259912906329522259669426925653
9628021070296919423196664
93858218382565396266961862534392686
2549792581393776
9685697398961412108525653
21918968292549725601968252191894417968212595897187
28760931892994128502
961332079228995948229618492303
25652933519627770731
25343926862091121006225019610192546
261892140021400
203462577422520
92677933082171793856296209262494345
286842849693700
214809735396226972792911994877
2086020037253432891429785
00301200200746941672597128037
25991289329423125507948412541393195
66009760000130120012176721767
943690060052073620045
947282545392271
0020100100110130120010182829
92271214822993829469
28693932262541892692
9485493229
92686261539475520861
294459670194354204512109125908
219579262229429972539728520417
971039417496887
9635529438848457700901246001
012310190000010102137497253
947282654026540
2033420779280452061774002008006012009010
204199370221403254889626920417
294458931321070225747154322520841428352397881
9613194086207669719721360
21838961862211921892294459670121057
2101425928289149485792527
4400243010050000001011
21838961862090892931
9637796883
26277929639294592295082861025426
93183968582891420617
963552092825404
2534392686209112100620458213749617528554
25069286932572228951
21884259919488594700422106921069
2136692589284962968025793
96880289092596892526
97634243039293994702929472950096308
210052250625766962977263607467686372
28995948222175394010
9712725462289142942920349
29508940502124220918
971109617528554
2549720400978582100520918
96856972112007366012002007012010
2803320771
61399482429583
2846894723943242892725653
926229388437
21702210052942396164
207419322696015254669725992931
29445967012136692589
207299738829446295599293193
93225221832994128502
2134225988933839482474
208602003720911210062045293818
218622190125497210049400394700
289059710238007010003010001
250389388320918204062951396265
6641225252950696164
294712955921918
296912952725729
209809767825413208732565296166
2849297261256017100221008929228971968059441320758
92568299732078293884
962362211294263257939401096015
9623622112961962218094722
962369767896259284909785828760287602061793146
2597897593726972
346465642955993006
9243392589944132590225491
976282891429961
961552092820490
925689635825653
92436961969243662
637772948832003720348295009323328760
28760971859727621833225132849029063926722172728732
2506696298204912098296107
014460184600246
20334207792597193757
289092849628909838432507192506
2950521893976432252037
29045285889305029115
9715297631208602506625502289952548825653
29652284809371920492206179293196701929442897421098
203342077921839209182137497253
93308972792911994877290452045892546
29591257782599220029010009
217022565221408
28959973882171797222947559482420363
204199370293701210919720692591
96355289952534392686
29652922269440393192
28995948222133194338
200382891492935
2075620756217179472221132
28995948222100596270
926349682892939947029330028772
295899322526310
2848720342284839613194086
2892694885972859785828740
20860200379722928496221119400925403
22538289142256122105
208602003720911210062506621701
2965228480937192049220617929319670121939421
21242209182124220417978582506625502
3400000639006430109330028772
294962952966383572
209572595520781
2944596701933082903792931
21838976312073620045
25497925812549725426
28995948222077921360
947289375925485760190090120020070000050190100096746006
207629388928559
2550297804935439416592627
949152034292299999482420363
966362946996701
207789666428914225952100520340
2148497112253432993829469
20918257789441094272627
92589214102099992925892890092433
976289725320075
31009000011012005
203342077920911210069388393320
933012091821849218782141996237
9635897593259712803796236968899752021014
9623696133976312045125653
2758992687
25971259719488597278221119400925403
217169423496266961862534392686
2183896186299414221838
947552897321133
2113321340
9763421076
941469258197127254622944528999
29445205729430096358257932902620736
28951925422993829469
000001013050942726
20003968039228504968589785828760
966642869625908255022137497253
296529623725413
2086020037214032548821403204172942321088
39733936
2899594822637772
97858947989440393192
2949625413
20879257739256894149295206068619626920489
2899920417938679767122568
96236221129252422213289149485792527
39004012005005000
2550221910925819426128992
9416725090250719728025606
7676723721070206179626722515
97678961862545320458961512002825845
2108293883218629682120792
256522946996850
9375220908217542892792546
963012497597593
9785821827294732965721006209189439894010
9484196186213669437220363
3201401242248322483230008012
93308938582942320612
9378228607972852597194014
961949305597285931282136025458
289959482229555280622137497253
941749487697520210149414993807
20792976789727620458258452003220348
28761295162534392686
93328203372849693192
20336286072034893193
94416976683721016295592959825605
2091828971929472568594325
3769925689414494269
2565294247214079437220363
2100525766
24167299252033829105
0194601200746000011010
932242252096806295209610121076
20860200372033420779
9300197676289149731892433
285079318696267225154294007019
28995948222959494877
9715820417961642996192546
2074621087289999483428760
931612846220363
25652254859680525463
97222967019334520417
256522502799863
966642598194262228
296919487721082
9319525438976312045192931
9785894231200499670120367
218839629493243
94841961632073829045
200452946996312
210059670122519962362211222571947992041796230
250792997725653
637772
9785828760289952804920417
92540937592804520617
221192943824228
21838961869763120451929312869329469
208602003793300931952506694337
210059484325094
2597128927932922561225555
00320348931932034825094003
9421289962253421004
209182107025653209082548592537
93314931952070320918
931222003720911210062045821374
97110947222100528951
9623622112963002258620472
208602003797205259982087920417
61339429272545593345
97112218849488594700
93752209082849628502
21702286939617320082
2548891673
933149715894372203639472893139
944169417931326731
9722528037259719735320955
92447938012034829500289149256894149
9432794247922969437220363
97176295982191021897
7573920417254292573392549
93195975712899525971
2047293370294292597128037
2211194009254032183192311
92622944099427221192551593782294742098221849
2215128760210762534392686
21838976312890025457
2899594822962809417794015
2133194338299942869529528
9472820367933452944521702
61000006001011006
2899525488209082090871458
9681729995975779437220363
2215125405
29691204199472394262922
925039484092570925702944596701
221519785894146
253439268693308972792087920417
254972100497631925812508296882
96880289092175428927925462944592546
9480621076206179300120877
29445967012090892931256539293274972782899525488
20068299299722597853
29629295592843725027
289962253421087295229296394055
9434892271
00101200101844000013001
97678963129626625653
28550286932960620418
28995254882891492271926332548528468
763564763842941799434997198
2508296882978582506694337
2843997107
25769926362899525488
20860200372091121006217542892792546
20911972782041993702
2576627939325653
968929489120402
9293493314208609625294367
204999408694010
2173521331938839710321893
25652230142572528760
203367179494010
2965294877931959268620418
937592846594752
978589441625653
200739725528995948229487793320
29438218472045793055218629727820417
25023944102136692549
25725971582076596267
931222003720911210062045294337
2257620037207789666425915935422952928693
9293493314200732190192931
9424628971932339414920492
294962999193713
284952944521366
9482425480932020
296522170228618
29623285079293994702
947282899529529225252950620918
9613693162256532541896264
20860200372033420779225632005128502
221119400925403296119656421717
21898976319319292931
25066978042257620037
97678276712033492931
9416725773941672041993702
38393728995254882849228502
947289671193369
9316127220
96271978589256093193
28914209189670129555280622534392686
2549721004976312040029559926549728520918
92677287372944596701
2137521375947232136021781
29611218392961121717968802890925652
20749275352086025094
93314931952033492931
25762225209482429583
292512100594788
978589628092931286952006894755
978589628092931259552876025405
2869528436
207789666468392033492931
2194204199388893308938589293197253
3800501044012460132891425958
21082948912891422520
94728250272952942
931619409365629246009007
25497925729722520037289092992194700
93233965332113494383
289142541393050
975202101497229209282946028658
254979728520838204009759721717
9256028496217673501244
968252252593809972852626262696169290632952220492
243409296392963
92686296202548529743
93012207879258194234
9330897279295749739093308
9718793006976312994129629948402850729971
20367296202534325652
2086020037253439330897279
97109207789319194177
299992996192672
92270966649479196166
962642955928441210769725394834
29927256809488194881360120020190134601346
9491520342937012109125653
21717209182899920417939394
256522946992589
94055925709629725462256539623622112
210052095093868961212259528737
444400700393752209082509496107
97634243039293994702
92560286972251320045
2598792963376831
29445967019488320037
286959666421767299412077896664
6839289952045893702
28468204262049529501
9626722515253432045821374
28995948222045292639
948246162
943372946929991
208602003720457930552903529500
97225200372962328507
286959475597593
20338209189480621906
29652971029717428468204269401493827
25095225532942393883
254979680996390972039426194410
2211992222
976349417096194
932602579329113289272899229500941792944528999
2033420779944062061793001
2626269682125407937012942321088
9414928760250742042293146
208602003729673966422041793835
25601926222145328061931292091629623
932292666771142
20334978812993825485
96133207929727625845
21056972812502793390
238802944197678
208602003721403284479324921087
97631204519293197253
94001926719145493673
96138899392891421797
2944596701214852041594325
29630938642565329603
296299682128909250712549794700
2565328658925249617529744
92672208429730793543
2509793827948772177821918
207439767893345
7600076019012001462976282596
21866948912897193812
976282584220614
254079715221901209182546793785
97384254232590422180
20458933322846820426
20617930012211994160
9635594269
28760210022108429522
9682594269933002877292
9482425479294232577394055
20030947502541892692
296229322628423976769493932729
2007125020
25423285022911994877933769487792624
2092828482289092091820617
7676393793752209082509496107
963852545396186
9484121874
767672379221939421
961369316225653961969243697253
204199370296880289099785820860
28914319482420363
22111200312077192931
967149335121076
2861028629
2618526185225582255822558
922259400329629204002848720342
948412876021767
971532729896166
96387207462140397285961642509528760
2850496858947232568928424214822842492294
200322967396664
289822253620338
9441097628944102891493189
92934203639785822106966649617528900961752855425653
2869521090
294967041794262721
9482093196203362869596237
9330328610250272596696266961862534392686
208602003797571284372506694337
96636295212579925343962642041993702
2083429961961942534392686
896349728093301976769470097202
28602926699610720363
949321259330897279
28995948229618492303
2869594890
2999929982948859437220363
94915203422256322563225632967393301
60460130100016901246001018
944109312097281
2136296700208602003793144
2547996315257259715893146
21774204209623737
254232543428995948229487793320
29629968212534392686963862124292201
21838976312133194338
2597129556294459319572
94263257939482494727
943282252028487
2183896186976312045192931
9666420778972852137528495
28511209189763421874
92686940102597128037
29629284832584296825942699470092526
2509793827948779615021918
9479025027
2950621005972859256192561
25652259814220348940952257620037937012509429994
94915203422999994824203639710296164
2560692931942492951396163
20617210659380394160
96181284829382820082
217549622425958
254732100520363
2849693373931939330897279003
2107996805972859619121012
2944596701962802107096153965642091128502
931402007025095225532942393883
28909213312091820617
9725328442420020100102626
21456218452534392686924479682594269
2944596701923112849592546
209182091825653
93300926612106020918
2890993193295592187729559
948392876025485299419293493314
2958993889
256899423528495
258422084225497296739330194700
250239441021838
9263421070290452911996182
9618171716
962832034925653
2876025774256522252593292
940002003197678
25497210049763120400963009434794347
2186125729
29961966642849621707
25497250272920297678
25419213609314620292892581289999305093759
925819417921484971122073620045
25095221562183892350
943969375992687
2100521717
203349664192270
2140320879975712843796230
929392890994403931929785825652
948419235021366
933089727922939253432891425094
975389401125497933019785994700
96236221122963028487
254389253128747922432224350295502942397225
2997229522972789688725845
943372951396309941469258197307
295899721193308972792952294325
9727975724
257259715325653
942725515284652803793782294742541896264
2850496858254532045893711930042033420417
97520210149482425652
295782172729974
203342077994848284249627825483
9624628482978159329625346
2000328607
9487793001207789666425915
942619731492311
213249618625653
28923965769671822112
286959767821366
21366925892548122112
9414325680962802136642254759412697678
9728496194
25479963152890093191217542892792546
2549765000013011926222251094700
97631204519408592931
393738942492548528688
94144948402502825733961419293759
9258120066225362849092215
25426976262077897285210109623425492
05505544016018939322
289952211994160
963772843921838
92940972812942328980
2179996264296209441029501
284629763292963
25024943969296397279210052034025766
9316129469
973102595825653
978589441625653971529763129603
94085948772598721839
948419319596187
2113596700943242892725653
75739204172959494877
2007320928284259339029941
225362849092215
2596996372943822577320492
9434320993943432550296266961862534392686
2077896664932602579397858287602534392686
256522187497292
943459319120414250959472221901
28923965769623622112
929342997994010
2849621453221119400925403
25479963152107694788
931612965593789002007010009
2899694010259912148497112
203422077822563225632256322563225632895997388
60013000434601339012014010002
96107294352560692931
972082033425497930199725094700
962539639693889
932499439720736931469638921878
204589333228682
209112100625343926862506694337
937152090896231285159487725766972852534392686
207462108725407937012942321088
9330897279214852041594325
2944596701256539434297520926882876093146
96887254739380470015925912184920918948412891421874
932499439720918289719638992586
923139635922520
20778966642061793001289149479025793
9718796307256019487768632077896664
28996225349258120066939394
210002597120911210062506694337
2961121717968802890925652
93759209032186297278973902041797390
28995948222045821374
9487628422
60972782007420952
22563207462140397285253432045821374
2508429598225342108429522
295082108225653
256529414420075
209289426320617930012211994160
20860200379624328447289999483428760
9388625794
93858207292999329423209282061829744
6377722092528737
2253693883289739753629048
29961966642876829992
2876824868
97678286182036221839
9375996199
29470930042091197278
21838961862211921892
931222003729673933012041793835
96280284419685620037603772
9688028909257739330028772
971539228908
929221892218929292
213669243628999202129
210052095021005961012100593898
978589388625653
93856296209250393828
254759623729929
948419314129423
9670121005972762148225653207782077197158
931869426325653978582847994347
218772573196350210502865892627
28698225202560692931
978582061225094
254212100693184
94824978589221828582
2865229994943279484321367
7573920417208602045294325
214199623720736931469638921878
2946029559250952136422534926722942997253972852041993702
29973976322073693146
21872209502876897814
21717289712033420779
2534392686289952804920417
2211194009254032087920417
925819763220492
2876820037
2086020037972762904592546
97225295739323320363
207789666497110947222006692931
2899597678961862215125405
8963420417250662849625066
219019764596107294412091825462
284629654028046
254812211292634968282899525488
971039244493195
9378592626207369314625653
219819267720746
2077896664208609625294367
96236221122090892931
2849527675
200712005196325
28597973903801005105030
9323321918944152507120918926229243421065
294459670193260295522136625845
9722520037296739330194700
2999929979
2865229994255169666429063
212520862
2034820417929626722515
961332079297276204582584528914200822091128502
25655967012860596101971032426520030
948412596996828
28990285979710272013010051
92270937139601520403
21862968219756029623972852190197881
943242955520334929312565224838
9785828760206172966029037
9258120778203342077997571284379388393320
20334207792171728971
20911210062041793835217542892792546
924479380129505218939330028772
259879296320459295002944528999
20860200372904520458
9482497106
255169630929995
94877933202949622112
9615520768
29630284349623697678
286262862628914933009220756280689334525766
2961196564938182944529037
296302843493939322
21013209807897343013000018
94001926712899228029
294459492531
97161209182843794702253432503992679
926869426320736944102859794759
2172197855250239479792624003
2862528999286252061729744
971102959494877
255162997828696
21005967012251993195978582034696230
938649624697285289999483428760
29445967012842397676
22537295599725397281972859385629620
949152034229999948242036396164
2895997388289149440393192
20860200378963420417978589221529037
20342207789722928496225632895996371
28496285022869628696
931612859721076
258422009097212292519416592627
96236221129472228487
28450967179757725606
962362211297855296962950893148
2565929513200829437220363
2906320410210162136028909931939256894149
20860200379688028909925462944592546
2189720768213669437220363
208602003793315929392041793835
94085948772949622112
96389207562950521893933002877242
2850496858225252950628927284962960325793
2844228607
221509638420768972852849621823209289617525978
92939289092890993193
208602003797631296739330194700
254232503829964
28587207929268620418
287412078294723
9484122502
390190102694
97676254622003622189386438
20860200379472228927
2873129683289239657694269
93320208362942393883
2256322563225639688092939947022599120045
933002877297276290452137197643
942462897128909931939296397279
947282843493
29445967012565328995254882944528999
94055925709629725462256534400000027
96800938182576696297
255162891421981299412849629977
96194286989334520417
289399630920836
28995254889710292931
20703209182851128607
284683368639330493706
9386129470
28517978819408592931
75739204172534392686
96107295222041993702
254759610725971
929342100520368200039408592931
2859728768
2252529506944079728194852
25497210049763192581221119400925403
21005257662077896664
2132492581221119400925403
28996225349324520489
972939757728693
2072492622214532890993193
92686966642033392945978582993893143
21329209182090893856
2869797158256532891494826
207789666497158204512061793001
948419718521767
2033629041
9623622112296932061793001
93759284659475296153214042045892553225999628028441294692992729620
7033925485259819728525343926869401493827
2077896664254219319292931
9423121767
204069370526286
21328941449488320037
254079440920337925242211925515296209378229474962672251521
9711094722225952873725845
94791204022890229035
2891421099286979388396199
22151294382950192
9767827671206179300120877
947552078633
28504968589785896280929319636121838925452041797597
2509521364225342108429522
21243299719718793006
948419710200101244
207462108729673933012041793835
9712725462938182944597225
93189213409488320037
2100594843218492105096226
3900600500501000900446009010259919256893148
21458943982560692931
207562075696322
250692256197281
208602003728995280492259528737
884299388994788
286069227120018
208602003721403254882087920417
92581209082257772012009012055006
256529681794759
976432252096182
287332955593884250322148296266961862534392686
961559322597593
214199623721006
254752003020030925819319293192
931839322625653
2074927535257669629797855296969225766279393
97678218382921892931
256019728593392204009727629045
9375993543978047601901200800601200746
2803394170
272049715296803
29652221802091737
2565029971217882576829207
962702045125971259712858920778
9688028909942632105820425
209112100696880289092577321371
295089405025653
9371920418925499785828039
209182107094338259183139
20911210062534392686
96887254732896292432
256522178997285214102579393193
9482497115
9728127214299762033494011
2895997388289149256894149
94840971532534392686
97103200382136669000002010005019
2850420792963252849521375
289962253421065948342251393883
256529426996321
93308938582876020918294452548525653
25497204002003825971972859263421877
289599738894403931922251320045
20457930552598792963
963259338392568941492942920349
972292849692677933082211994160
978589489225958
210182952125904
25987929632597128037
96236221122572
28462250279371992667439372904520458
2597128904931992855993055
22580963549757128437
9263496828209112100625097938279293197253
284962547228496203379262494345
948412802238010051050
94727295132727
962462548522520
2944528920257932873796266961862534392686
296119656425343926869330028772
922152576825653
96236968899725992931
97266940112033496237941789619396230
937592090393702209189618022520
203362042325027
96664973989727621833
96709967099670996709967099670996709967099670996709967099670996709
961862211822520
21838933149259425971
2626269682129673933012041793835
284969318928496280762591396266961862534392686
254389479828768
294459670197276289929401096015
225639258197276290452803729933
207439785870818
218969739892215253432061793001
937599244471014
284879332821870
2892329962972852171021070
289959482229594948772045821374
259552036329251
2543892589972762899225601225012060
9615120028289142090422520
9487793001203369388322502
968802890994876209182534392686
295892597196321
9682529673933019470092526
221519480794798
20337219019416292314
961819388694843
289428942576696297
931899256142660124401946010013
2148028490938832943894055
259559780425971
2960893226
2003825095284282091829292727
9263496828929330028772
2597125971254722540321331
94877930012850496858
21838961862211925407
28697971582560692931
2105696196
25485297439330028772
210182899529574
20860200372091121006207249262221453
256529657622111
254189269293308972792952294325
21069255502849692572
9380328490
253432045696101
21000209082077896664
96136931622545320458
9330897279948242969021371
2547125794280672952128492
296299682194403931922540794409942725515
9385629620963019322596701
29629968219440393192963002895997388
9256093579963892252966646462
208602003720879254882087920417
937529635529941
289959482225928295742045821374
255162105693789
21717947222113222513289612876029923
2892722578259396701
2077896664284629319292931
9385629620238082996128583
284682042628068217179472221132
28428948809414425028925682190197276214822251393883
2086020037203342077925845
2184921050948419388525485
2565593883948772091125095214829626692686
254852092825615
933002877297109299282952294325
97678961862921892931
2565228914203362577897390
38019460010180194601236643620778966642542193146
9319520082929342994128502
287619440822520
925819639296392
9763528454217179472221132
2890994702284969433494087
221512951328995
2579428558257259715893146
262232620925766
938849780293001961339297531925819305093759
2547929607290632997794788
96236972769484121076
9720820334296739330121918
943379235021366
28995254889482492271
20073219012033492931
208602003720911210062506694337
9482894829
208602003721403254882947093004
767672379626722515
9252125991944079229194700
4446007001460059480494804
29999963930019336092432
9426396358967019727625845
28995948229623697678295592258620472
20778966649610192627
250772509594722219019496882
2033420779971102952294325
208602003794403931922087925773
20743286932560692931
94728963259710992978009263428999
92934210052899594822
254079715221901972852091893782294749626722515
25497210049258193275948312890993193
218622890622939253432891425094
97858221159727821331256534293714930122087925488
2178297292978582179722593
92622978049262294086926229484496635926229330021076
200242252029574973909256894149
9638571716
22119942619268728962
291112541325550
284802218092432422211193759204279400925403
2100020908289092177821918
2565220082422626
93201210919720692591
96356289802959494877
9785821459286069322596701
932262198196280925892994128502
28923965769785894231
296522000096104005016006
209119727629045
941742099794324295559728596266961862534392686
2911996192
25613299779423097203
968569296396718
20778962669334594877
961642892725653
929349331420368200032108775912
28511200662175193856
96882922152042496828
22150221509258193275948312890993193
93308972799381828772
208602003720911972782140325488
29552971522590721079
